node_id	node_length	node_label	node_p_virus	node_p_plasmid	node_p_bacteria	node_p_eukaryota	node_prior_weight
3	338	Unknown	0.4000000000000001	0.20000000000000004	0.20000000000000004	0.20000000000000004	338.0
7	151	Unknown	0.40000000039867545	0.19999999993781187	0.19999999983336206	0.19999999983015065	151.0
13	1314	Virus	1.0	0.0	0.0	0.0	5543.0
19	56	Unknown	0.4000000030418376	0.19999999903204144	0.1999999989762823	0.19999999894983866	56.0
21	148	Unknown	0.40000002511356625	0.19999999201036867	0.1999999915423297	0.19999999133373536	148.0
25	432	Unknown	0.4477747955706093	0.179681838289732	0.1802173205924934	0.19232604554716534	547.0
31	85	Eukaryota	0.0	0.0	0.0	1.0	85.0
33	60	Eukaryota	0.0	0.0	0.0	1.0	60.0
35	59	Eukaryota	0.0	0.0	0.0	1.0	59.0
37	89	Eukaryota	0.0	0.0	0.0	1.0	89.0
47	374	Eukaryota	0.0	0.0	0.0	1.0	389.0
55	57	Eukaryota	0.0	0.0	0.0	1.0	57.0
63	2036	Eukaryota	0.0	0.0	0.0	1.0	2036.0
69	56	Eukaryota	0.0	0.0	0.0	1.0	56.0
75	57	Unknown	0.3999998957863324	0.20000020343819191	0.19999995273080134	0.19999994804467436	57.0
79	59	Eukaryota	0.0	0.0	0.0	1.0	59.0
81	83	Eukaryota	0.0	0.0	0.0	1.0	83.0
85	1336	Eukaryota	0.0	0.0	0.0	1.0	27067.0
93	57	Unknown	0.3999999998755923	0.20000000001686946	0.20000000020096195	0.19999999990657624	57.0
101	566	Unknown	0.3693176252733197	0.16726066882409293	0.32151877098028997	0.14190293492229739	1880.0
103	240	Unknown	0.3981397493037614	0.19853430810380202	0.19886778313161274	0.20445815946082396	783.0
105	57	Unknown	0.4000000149731231	0.20000001234466017	0.199999992037807	0.19999998064440977	57.0
113	136	Unknown	0.4000000018611433	0.2000000038122794	0.19999999819301792	0.1999999961335594	136.0
121	2159	Eukaryota	0.0	0.0	0.0	1.0	12191.0
135	488	Bacteria	0.0	0.0	1.0	0.0	20589.0
139	64	Eukaryota	0.0	0.0	0.0	1.0	64.0
147	359	Virus	1.0	0.0	0.0	0.0	19339.0
157	1146	Eukaryota	0.0	0.0	0.0	1.0	1146.0
165	1297	Unknown	0.5534568198059032	0.1488476454058075	0.148847645395511	0.14884788939277824	1297.0
169	56	Eukaryota	0.0	0.0	0.0	1.0	56.0
171	996	Unknown	0.37408213876244095	0.18412767284201187	0.26243668317889685	0.17935350521665036	996.0
173	831	Virus	1.0	0.0	0.0	0.0	5197.0
175	63	Eukaryota	0.0	0.0	0.0	1.0	63.0
179	550	Unknown	0.3664962848822948	0.1830352241217072	0.1830347542664129	0.26743373672958504	550.0
181	2131	Unknown	0.22923245314389248	0.18319998130345055	0.4750942953099014	0.11247327024275552	2131.0
183	832	Unknown	0.6445776144711155	0.11846975101868693	0.1184829783491932	0.11846965616100442	2182.0
185	5849	Eukaryota	0.0	0.0	0.0	1.0	31710.0
187	834	Unknown	0.5519779857021664	0.14906058661265628	0.14906058534430852	0.14990084234086892	1424.0
189	964	Unknown	0.36422020499077634	0.1975906771522361	0.25895424276636003	0.17923487509062758	964.0
191	1337	Unknown	0.2502699174052458	0.13989400955579656	0.48066429063674065	0.12917178240221708	1564.0
193	943	Unknown	0.3094609923661621	0.35673343664524254	0.17928319673992724	0.1545223742486682	1177.0
195	293	Virus	1.0	0.0	0.0	0.0	4020.0
197	2819	Eukaryota	0.0	0.0	0.0	1.0	17490.0
199	209	Unknown	0.2985281811912439	0.24339399939239015	0.28972356706903357	0.16835425234733237	1782.0
201	332	Unknown	0.4	0.2	0.2	0.2	914.0
203	2639	Eukaryota	0.0	0.0	0.0	1.0	12191.0
207	884	Virus	1.0	0.0	0.0	0.0	3701.0
209	1305	Virus	1.0	0.0	0.0	0.0	2639.0
211	1766	Unknown	0.11023527476766146	0.3385661779874629	0.4977700979830931	0.053428449261782675	4678.0
213	2644	Eukaryota	0.0	0.0	0.0	1.0	12361.0
215	849	Eukaryota	0.0	0.0	0.0	1.0	1368.0
217	1661	Virus	1.0	0.0	0.0	0.0	4947.0
219	220	Bacteria	0.0	0.0	1.0	0.0	220.0
221	627	Unknown	0.35419863844909516	0.17745956691157447	0.29113557703477644	0.17720621760455388	893.0
223	4721	Eukaryota	0.0	0.0	0.0	1.0	36291.0
227	1117	Unknown	0.18947791691209875	0.14750849907063718	0.57014603268175	0.092867551335514	2962.0
229	1078	Unknown	0.571699416173317	0.006219507085665866	0.008379773848078845	0.41370130289293827	10851.0
231	478	Eukaryota	0.0	0.0	0.0	1.0	778.0
233	667	Unknown	0.4	0.2	0.2	0.2	3286.0
235	996	Unknown	0.38245043002193924	0.2373538098656525	0.20013485412030807	0.1800609059921002	996.0
237	939	Virus	1.0	0.0	0.0	0.0	7004.0
239	1139	Unknown	0.45840852366178064	0.1722682183072495	0.2000682495546068	0.16925500847636307	1492.0
243	1048	Virus	1.0	0.0	0.0	0.0	7407.0
245	1804	Virus	1.0	0.0	0.0	0.0	14258.0
247	545	Unknown	0.3685959243583338	0.19357354461484838	0.2584235017232533	0.17940702930356459	545.0
249	855	Eukaryota	0.0	0.0	0.0	1.0	2682.0
253	1443	Unknown	0.7099587226748476	0.09673691902468079	0.09668848638812164	0.09661587191235006	2740.0
255	1321	Unknown	0.179456372530864	0.12294888796757719	0.6126525826419117	0.08494215685964718	2789.0
259	1144	Unknown	0.49503342197640293	0.14439573874856518	0.1475499183864463	0.21302092088858549	1995.0
261	1398	Unknown	0.7117276960744078	0.09590414372214423	0.09651673063091186	0.09585142957253608	2141.0
263	1293	Unknown	0.4609986384074089	0.15871292832243955	0.15843801246225947	0.22185042080789208	1820.0
265	1340	Eukaryota	0.0	0.0	0.0	1.0	6931.0
267	4246	Eukaryota	0.0	0.0	0.0	1.0	30492.0
269	1638	Virus	1.0	0.0	0.0	0.0	7222.0
271	3124	Virus	1.0	0.0	0.0	0.0	25857.0
273	1216	Virus	1.0	0.0	0.0	0.0	3420.0
275	5141	Eukaryota	0.0	0.0	0.0	1.0	5141.0
277	1471	Virus	1.0	0.0	0.0	0.0	6980.0
281	575	Virus	1.0	0.0	0.0	0.0	1796.0
283	931	Virus	1.0	0.0	0.0	0.0	4138.0
285	1054	Unknown	0.26241725596942567	0.14569081272434256	0.4647958033086472	0.12709612799758446	1687.0
287	1426	Bacteria	0.0	0.0	1.0	0.0	5545.0
289	2924	Plasmid	0.0	1.0	0.0	0.0	3294.0
291	859	Unknown	0.6112805467917845	0.12614514357773937	0.1384517335882817	0.12412257604219462	1678.0
293	663	Virus	1.0	0.0	0.0	0.0	3264.0
295	598	Unknown	0.3543901245787967	0.178418250854669	0.2899993083306913	0.17719231623584294	598.0
297	646	Unknown	0.3041462773891749	0.15658150064456602	0.3869220265576697	0.15235019540858943	1313.0
299	1312	Virus	1.0	0.0	0.0	0.0	3294.0
301	1292	Unknown	0.18977906723789914	0.10979899977268008	0.6055157505978371	0.09490618239158372	2138.0
305	4588	Bacteria	0.0	0.0	1.0	0.0	7192.0
307	165	Eukaryota	0.0	0.0	0.0	1.0	380.0
311	584	Unknown	0.5497595295596622	0.15007615696526908	0.15013954817664057	0.15002476529842818	1458.0
317	708	Virus	1.0	0.0	0.0	0.0	3223.0
323	57	Unknown	0.39999998696204353	0.2000000248687942	0.19999999453052492	0.19999999363863735	57.0
325	451	Unknown	0.4	0.2	0.2	0.2	451.0
327	57	Unknown	0.3999999995328335	0.20000000079198785	0.19999999989097922	0.1999999997841994	57.0
331	429	Unknown	0.5237100949234245	0.15876317607943338	0.15876357267106916	0.15876315632607296	1366.0
333	620	Eukaryota	0.0	0.0	0.0	1.0	1931.0
335	57	Unknown	0.39999999937909536	0.19999999983556138	0.20000000130885598	0.19999999947648722	57.0
337	57	Unknown	0.3999999980424419	0.20000000237769405	0.20000000029875953	0.19999999928110446	57.0
341	62	Eukaryota	0.0	0.0	0.0	1.0	62.0
353	2774	Eukaryota	0.0	0.0	0.0	1.0	33005.0
355	980	Eukaryota	0.0	0.0	0.0	1.0	16531.0
367	321	Unknown	0.4	0.2	0.2	0.2	321.0
371	178	Eukaryota	0.0	0.0	0.0	1.0	14174.0
379	987	Unknown	0.4539166685554549	0.16083099150002816	0.16012368694131432	0.22512865300320264	1157.0
387	867	Eukaryota	0.0	0.0	0.0	1.0	19929.0
399	68	Eukaryota	0.0	0.0	0.0	1.0	68.0
403	2216	Eukaryota	0.0	0.0	0.0	1.0	2216.0
415	705	Unknown	0.5229328056365489	0.15894855675037858	0.15945184233038331	0.1586667952826893	1104.0
419	160	Virus	1.0	0.0	0.0	0.0	7387.0
421	889	Unknown	0.2276714881976929	0.15325153448741954	0.518108533395559	0.1009684439193286	2691.0
431	114	Unknown	0.44546919511288724	0.1767887075576559	0.17700308795752767	0.20073900937192923	547.0
435	111	Eukaryota	0.0	0.0	0.0	1.0	111.0
439	848	Unknown	0.22625405506004906	0.30193139186625084	0.3635568346586115	0.10825771841508855	2730.0
445	57	Unknown	0.3999999997360143	0.20000000000474671	0.20000000039896307	0.19999999986027592	57.0
447	463	Unknown	0.45047756719126475	0.18166536719096388	0.17777964328142876	0.19007742233634262	633.0
451	681	Virus	1.0	0.0	0.0	0.0	35952.0
465	2731	Eukaryota	0.0	0.0	0.0	1.0	5165.0
479	2695	Eukaryota	0.0	0.0	0.0	1.0	2730.0
493	136	Eukaryota	0.0	0.0	0.0	1.0	136.0
495	56	Eukaryota	0.0	0.0	0.0	1.0	56.0
509	2037	Eukaryota	0.0	0.0	0.0	1.0	10675.0
523	4276	Eukaryota	0.0	0.0	0.0	1.0	4276.0
537	9941	Eukaryota	0.0	0.0	0.0	1.0	10137.0
551	193	Eukaryota	0.0	0.0	0.0	1.0	71167.0
561	131	Eukaryota	0.0	0.0	0.0	1.0	131.0
571	63	Eukaryota	0.0	0.0	0.0	1.0	63.0
577	7908	Eukaryota	0.0	0.0	0.0	1.0	16322.0
591	5532	Eukaryota	0.0	0.0	0.0	1.0	6282.0
605	10401	Eukaryota	0.0	0.0	0.0	1.0	49473.0
619	7486	Eukaryota	0.0	0.0	0.0	1.0	12340.0
633	192	Eukaryota	0.0	0.0	0.0	1.0	11124.0
647	150	Eukaryota	0.0	0.0	0.0	1.0	150.0
657	63	Eukaryota	0.0	0.0	0.0	1.0	63.0
663	5528	Eukaryota	0.0	0.0	0.0	1.0	5668.0
665	58	Unknown	0.39999999318935375	0.20000000026491171	0.20000000993016484	0.19999999661556972	58.0
669	107	Unknown	0.39908531573349204	0.2010924757541692	0.1995504963716152	0.20027171214072356	107.0
681	941	Unknown	0.303299588062903	0.18992852044416939	0.3920758583202422	0.11469603317268545	2834.0
695	8298	Eukaryota	0.0	0.0	0.0	1.0	29790.0
709	1028	Eukaryota	0.0	0.0	0.0	1.0	1028.0
723	264	Eukaryota	0.0	0.0	0.0	1.0	264.0
725	58	Eukaryota	0.0	0.0	0.0	1.0	58.0
735	225	Virus	1.0	0.0	0.0	0.0	225.0
749	134	Eukaryota	0.0	0.0	0.0	1.0	382.0
761	93	Eukaryota	0.0	0.0	0.0	1.0	93.0
765	301	Eukaryota	0.0	0.0	0.0	1.0	7121.0
775	117	Eukaryota	0.0	0.0	0.0	1.0	1293.0
785	142	Virus	1.0	0.0	0.0	0.0	13258.0
789	83	Eukaryota	0.0	0.0	0.0	1.0	83.0
793	56	Eukaryota	0.0	0.0	0.0	1.0	56.0
797	61	Bacteria	0.0	0.0	1.0	0.0	61.0
799	56	Eukaryota	0.0	0.0	0.0	1.0	56.0
807	147	Unknown	0.3997610217848673	0.20025645813738924	0.1999082510338917	0.20007426904385173	147.0
815	57	Unknown	0.39999998795546604	0.20000001561296193	0.2000000010089296	0.19999999542264243	57.0
817	521	Unknown	0.4517158991899529	0.18073464366970865	0.18486175763673246	0.18268769950360586	521.0
825	131	Eukaryota	0.0	0.0	0.0	1.0	131.0
839	131	Eukaryota	0.0	0.0	0.0	1.0	346.0
853	167	Eukaryota	0.0	0.0	0.0	1.0	424.0
859	83	Eukaryota	0.0	0.0	0.0	1.0	83.0
865	130	Virus	1.0	0.0	0.0	0.0	34538.0
879	283	Unknown	0.3545849080162161	0.13842100415845945	0.3691216020385144	0.13787248578681	1957.0
881	401	Plasmid	0.0	1.0	0.0	0.0	11872.0
895	220	Bacteria	0.0	0.0	1.0	0.0	4294.0
905	67	Eukaryota	0.0	0.0	0.0	1.0	67.0
907	130	Virus	1.0	0.0	0.0	0.0	130.0
917	672	Bacteria	0.0	0.0	1.0	0.0	162538.0
923	63	Eukaryota	0.0	0.0	0.0	1.0	63.0
929	346	Bacteria	0.0	0.0	1.0	0.0	20589.0
931	58	Eukaryota	0.0	0.0	0.0	1.0	58.0
945	311	Virus	1.0	0.0	0.0	0.0	55291.0
955	440	Bacteria	0.0	0.0	1.0	0.0	24295.0
963	386	Unknown	0.2519097503443192	0.10898944602625182	0.10906907088835227	0.5300317327410766	2798.0
967	74	Eukaryota	0.0	0.0	0.0	1.0	74.0
971	62	Eukaryota	0.0	0.0	0.0	1.0	62.0
975	306	Unknown	0.3803786180649823	0.1995353684389931	0.23326802755059992	0.18681798594542467	1175.0
977	2048	Unknown	0.0006604067147852379	0.4536896668657891	0.5453152210230938	0.00033470539633183045	22225.0
983	61	Eukaryota	0.0	0.0	0.0	1.0	61.0
985	57	Unknown	0.3999996451062529	0.20000069299009843	0.19999983743146976	0.1999998244721789	57.0
995	292	Bacteria	0.0	0.0	1.0	0.0	292.0
1005	523	Plasmid	0.0	1.0	0.0	0.0	1120.0
1019	170	Bacteria	0.0	0.0	1.0	0.0	29366.0
1033	66	Eukaryota	0.0	0.0	0.0	1.0	66.0
1035	2077	Unknown	0.17223743643561537	0.3418119658271198	0.3999459402227425	0.08600465751452233	3029.0
1037	2089	Bacteria	0.0	0.0	1.0	0.0	27092.0
1047	140	Bacteria	0.0	0.0	1.0	0.0	23634.0
1053	302	Unknown	0.5511827375982916	0.14956795989068647	0.14971817848355407	0.1495311240274679	1251.0
1063	268	Unknown	0.4019564017927168	0.18004651367418725	0.18444278476871062	0.2335542997643854	637.0
1065	558	Unknown	0.19933050883804318	0.11278411024468393	0.5896656636109497	0.0982197173063232	2062.0
1079	193	Unknown	0.3651051866124657	0.18111225815731144	0.18732335452561458	0.26645920070460827	676.0
1083	58	Eukaryota	0.0	0.0	0.0	1.0	58.0
1085	58	Unknown	0.39999998432858175	0.20000003085076987	0.1999999926246371	0.1999999921960113	58.0
1097	1099	Virus	1.0	0.0	0.0	0.0	5221.0
1111	388	Plasmid	0.0	1.0	0.0	0.0	70467.0
1125	164	Bacteria	0.0	0.0	1.0	0.0	132729.0
1139	278	Eukaryota	0.0	0.0	0.0	1.0	559.0
1155	61	Eukaryota	0.0	0.0	0.0	1.0	61.0
1167	413	Unknown	0.36448869835811004	0.18043639967420452	0.1804485066767694	0.2746263952909161	913.0
1181	1067	Virus	1.0	0.0	0.0	0.0	3672.0
1189	134	Unknown	2.3933501458353253e-11	0.4630475744710937	0.5369524255037297	1.2431415317932868e-12	107712.0
1197	18707	Bacteria	0.0	0.0	1.0	0.0	18711.0
1211	325	Bacteria	0.0	0.0	1.0	0.0	24838.0
1213	62	Eukaryota	0.0	0.0	0.0	1.0	148.0
1217	1014	Eukaryota	0.0	0.0	0.0	1.0	5188.0
1231	60	Eukaryota	0.0	0.0	0.0	1.0	60.0
1235	154	Eukaryota	0.0	0.0	0.0	1.0	154.0
1245	1501	Eukaryota	0.0	0.0	0.0	1.0	24795.0
1259	2114	Bacteria	0.0	0.0	1.0	0.0	40820.0
1265	62	Eukaryota	0.0	0.0	0.0	1.0	62.0
1273	116	Bacteria	0.0	0.0	1.0	0.0	570.0
1277	354	Unknown	0.5344794413301528	0.1551734411535674	0.15517369620103152	0.15517342131524817	1204.0
1279	4664	Bacteria	0.0	0.0	1.0	0.0	7994.0
1285	94	Eukaryota	0.0	0.0	0.0	1.0	858.0
1293	58	Eukaryota	0.0	0.0	0.0	1.0	58.0
1297	16519	Bacteria	0.0	0.0	1.0	0.0	104525.0
1311	4881	Bacteria	0.0	0.0	1.0	0.0	4883.0
1349	5586	Bacteria	0.0	0.0	1.0	0.0	7698.0
1353	328	Virus	1.0	0.0	0.0	0.0	2822.0
1363	60	Eukaryota	0.0	0.0	0.0	1.0	60.0
1365	742	Eukaryota	0.0	0.0	0.0	1.0	27067.0
1381	713	Unknown	0.004472498253629705	0.4088516210404239	0.5844396978289498	0.00223618287699665	59074.0
1395	8919	Bacteria	0.0	0.0	1.0	0.0	58427.0
1409	69	Eukaryota	0.0	0.0	0.0	1.0	69.0
1411	1554	Eukaryota	0.0	0.0	0.0	1.0	2129.0
1415	83	Eukaryota	0.0	0.0	0.0	1.0	83.0
1417	267	Unknown	0.19603975487527234	0.07906349448280633	0.0790198565162555	0.6458768941256658	3293.0
1421	57	Unknown	0.3999999887664804	0.20000001851776883	0.19999999833594428	0.19999999437980653	57.0
1427	14275	Bacteria	0.0	0.0	1.0	0.0	44901.0
1429	29402	Bacteria	0.0	0.0	1.0	0.0	44901.0
1435	17697	Eukaryota	0.0	0.0	0.0	1.0	17697.0
1449	1156	Eukaryota	0.0	0.0	0.0	1.0	4061.0
1453	2024	Eukaryota	0.0	0.0	0.0	1.0	24234.0
1465	17525	Eukaryota	0.0	0.0	0.0	1.0	18251.0
1479	227	Plasmid	0.0	1.0	0.0	0.0	4237.0
1481	2465	Eukaryota	0.0	0.0	0.0	1.0	2465.0
1485	1497	Plasmid	0.0	1.0	0.0	0.0	11404.0
1497	313	Eukaryota	0.0	0.0	0.0	1.0	31336.0
1511	15478	Eukaryota	0.0	0.0	0.0	1.0	73629.0
1521	916	Virus	1.0	0.0	0.0	0.0	3201.0
1527	385	Eukaryota	0.0	0.0	0.0	1.0	29443.0
1541	9369	Eukaryota	0.0	0.0	0.0	1.0	9369.0
1555	11092	Eukaryota	0.0	0.0	0.0	1.0	11092.0
1581	688	Eukaryota	0.0	0.0	0.0	1.0	1271.0
1595	27698	Eukaryota	0.0	0.0	0.0	1.0	47433.0
1609	8503	Eukaryota	0.0	0.0	0.0	1.0	8503.0
1623	743	Eukaryota	0.0	0.0	0.0	1.0	1018.0
1637	3430	Virus	1.0	0.0	0.0	0.0	12651.0
1651	3016	Eukaryota	0.0	0.0	0.0	1.0	3482.0
1663	106	Eukaryota	0.0	0.0	0.0	1.0	106.0
1667	225	Virus	1.0	0.0	0.0	0.0	34538.0
1669	5767	Virus	1.0	0.0	0.0	0.0	9274.0
1675	60	Unknown	0.39998378235078647	0.19999142496185762	0.19999792872650624	0.20002686396084973	60.0
1681	133	Unknown	0.3032015067608763	0.15138918048014655	0.15440102503426714	0.39100828772470997	1280.0
1687	5583	Eukaryota	0.0	0.0	0.0	1.0	6957.0
1701	18955	Eukaryota	0.0	0.0	0.0	1.0	19031.0
1709	80	Eukaryota	0.0	0.0	0.0	1.0	80.0
1711	76	Eukaryota	0.0	0.0	0.0	1.0	76.0
1719	17841	Eukaryota	0.0	0.0	0.0	1.0	19698.0
1733	16354	Eukaryota	0.0	0.0	0.0	1.0	72397.0
1747	10950	Eukaryota	0.0	0.0	0.0	1.0	20668.0
1785	3384	Eukaryota	0.0	0.0	0.0	1.0	3384.0
1799	3471	Eukaryota	0.0	0.0	0.0	1.0	3471.0
1801	23495	Plasmid	0.0	1.0	0.0	0.0	55209.0
1815	1223	Eukaryota	0.0	0.0	0.0	1.0	2378.0
1827	873	Unknown	0.3563447012038616	0.2756141306132212	0.189855646814447	0.1781855213684703	873.0
1831	19804	Eukaryota	0.0	0.0	0.0	1.0	32770.0
1845	15742	Eukaryota	0.0	0.0	0.0	1.0	15742.0
1859	25401	Eukaryota	0.0	0.0	0.0	1.0	25401.0
1865	65	Eukaryota	0.0	0.0	0.0	1.0	65.0
1919	536	Unknown	0.4894096690185328	0.15625555878194958	0.15617440890087833	0.1981603632986392	1445.0
1925	1899	Unknown	0.3892950774256848	0.15956683807294042	0.15551907520717353	0.2956190092942014	1899.0
1927	8307	Bacteria	0.0	0.0	1.0	0.0	10702.0
1929	60	Eukaryota	0.0	0.0	0.0	1.0	60.0
1943	734	Unknown	0.4836974360778512	0.13883203890702436	0.1388600807461954	0.23861044426892886	1799.0
1967	2027	Virus	1.0	0.0	0.0	0.0	6362.0
1983	6684	Bacteria	0.0	0.0	1.0	0.0	11656.0
1985	1819	Unknown	0.2750163311108853	0.09416279042893513	0.09422674666114697	0.5365941317990327	2737.0
1991	1469	Unknown	0.23968669934465509	0.11369093014040904	0.11282624191449425	0.5337961286004416	2594.0
2021	1434	Virus	1.0	0.0	0.0	0.0	35952.0
2035	7890	Bacteria	0.0	0.0	1.0	0.0	44670.0
2061	39016	Bacteria	0.0	0.0	1.0	0.0	41771.0
2075	31107	Bacteria	0.0	0.0	1.0	0.0	40820.0
2089	2963	Eukaryota	0.0	0.0	0.0	1.0	5306.0
2103	178	Eukaryota	0.0	0.0	0.0	1.0	545.0
2107	250	Unknown	0.4	0.2	0.2	0.2	250.0
2119	3194	Bacteria	0.0	0.0	1.0	0.0	14375.0
2133	25489	Eukaryota	0.0	0.0	0.0	1.0	25489.0
2147	4721	Eukaryota	0.0	0.0	0.0	1.0	5097.0
2161	16757	Eukaryota	0.0	0.0	0.0	1.0	16757.0
2175	3539	Eukaryota	0.0	0.0	0.0	1.0	3539.0
2189	24266	Eukaryota	0.0	0.0	0.0	1.0	28528.0
2203	40090	Eukaryota	0.0	0.0	0.0	1.0	40132.0
2229	1864	Virus	1.0	0.0	0.0	0.0	4058.0
2233	333	Unknown	0.4561197325734925	0.18129327316360655	0.1812936217548569	0.18129337250804406	333.0
2245	194	Eukaryota	0.0	0.0	0.0	1.0	775.0
2247	1454	Eukaryota	0.0	0.0	0.0	1.0	1454.0
2261	32264	Eukaryota	0.0	0.0	0.0	1.0	32264.0
2285	481	Unknown	0.37852218296730944	0.2521305244153721	0.2240189804647977	0.14532831215252076	1777.0
2291	1824	Unknown	0.4101024053046323	0.00031539694518941346	0.0003250251100343235	0.589257172640144	17894.0
2303	621	Virus	1.0	0.0	0.0	0.0	4058.0
2309	242	Bacteria	0.0	0.0	1.0	0.0	73153.0
2319	13176	Eukaryota	0.0	0.0	0.0	1.0	13176.0
2329	61	Eukaryota	0.0	0.0	0.0	1.0	61.0
2333	1264	Virus	1.0	0.0	0.0	0.0	14258.0
2337	9923	Eukaryota	0.0	0.0	0.0	1.0	10566.0
2351	6605	Eukaryota	0.0	0.0	0.0	1.0	11160.0
2355	156	Eukaryota	0.0	0.0	0.0	1.0	156.0
2363	131	Unknown	0.39997063367040986	0.2000342496060299	0.19998629072011084	0.20000882600344938	131.0
2369	43182	Eukaryota	0.0	0.0	0.0	1.0	96072.0
2377	201	Virus	1.0	0.0	0.0	0.0	201.0
2385	78	Eukaryota	0.0	0.0	0.0	1.0	78.0
2389	345	Unknown	0.4	0.2	0.2	0.2	974.0
2391	306	Eukaryota	0.0	0.0	0.0	1.0	603.0
2395	1363	Eukaryota	0.0	0.0	0.0	1.0	2854.0
2403	1527	Unknown	0.7282416678988354	0.09058770962633896	0.09060823348471855	0.090562388990107	2416.0
2443	3084	Virus	1.0	0.0	0.0	0.0	55291.0
2457	459	Unknown	0.4	0.2	0.2	0.2	459.0
2471	911	Eukaryota	0.0	0.0	0.0	1.0	55686.0
2473	92	Unknown	0.5517298950259071	0.14942314423261155	0.1494234613663285	0.14942349937515276	1286.0
2487	6997	Eukaryota	0.0	0.0	0.0	1.0	7181.0
2491	974	Unknown	0.2571421163671791	0.19815298215294652	0.452600836649457	0.09210406483041746	3941.0
2493	442	Unknown	0.4	0.2	0.2	0.2	442.0
2495	697	Unknown	0.35936305741306895	0.22501764480588882	0.2354830369033941	0.18013626087764822	697.0
2497	3037	Virus	1.0	0.0	0.0	0.0	18886.0
2503	1262	Unknown	0.3564884230070806	0.27692098021112826	0.2054141739066379	0.1611764228751532	1262.0
2505	1489	Unknown	0.16391747526612516	0.12302378200600954	0.6299542674667303	0.08310447526113493	2933.0
2507	3067	Virus	1.0	0.0	0.0	0.0	4600.0
2509	1242	Virus	1.0	0.0	0.0	0.0	3353.0
2511	1296	Unknown	0.31348516256158043	0.19207961281445698	0.33821514990454915	0.15622007471941343	1296.0
2513	356	Unknown	0.4	0.2	0.2	0.2	356.0
2517	1346	Unknown	0.3057382431016597	0.16942998352065422	0.3721434420040495	0.15268833137363663	1346.0
2519	2082	Virus	1.0	0.0	0.0	0.0	7661.0
2523	1704	Unknown	0.36583382147809856	0.28701952245715345	0.20126373978156228	0.1458829162831857	1704.0
2525	994	Unknown	0.3590398912102728	0.2796147828777988	0.18319252813459697	0.1781527977773315	994.0
2527	1074	Unknown	0.22783639100235145	0.49423957877392605	0.21179018859432688	0.06613384162939562	4807.0
2529	983	Unknown	0.22783639100235145	0.49423957877392605	0.21179018859432688	0.06613384162939562	4807.0
2533	732	Eukaryota	0.0	0.0	0.0	1.0	1518.0
2537	1788	Unknown	0.3649050152115879	0.15147212223521722	0.33904963246616054	0.14457323008703435	1788.0
2539	687	Unknown	0.3084842865757229	0.1812557239197113	0.35606916544696815	0.1541908240575976	1034.0
2541	800	Unknown	0.41515587944125876	0.1971264014675409	0.1991056535409889	0.18861206555021154	800.0
2543	790	Unknown	0.35875410141524705	0.2550734092782078	0.20700477763846123	0.1791677116680839	790.0
2545	1867	Unknown	0.3952517357152831	0.13886129954196003	0.38132376796211875	0.08456319678063812	3554.0
2547	1061	Unknown	0.4519836271121456	0.2292006912843533	0.2205476267655812	0.0982680548379198	3160.0
2549	572	Unknown	0.4	0.2	0.2	0.2	1812.0
2551	950	Unknown	0.2632037934629303	0.17838565107149304	0.4746363236223304	0.08377423184324623	4157.0
2553	886	Unknown	0.1927558552294699	0.21439369513226347	0.534879773454388	0.057970676183878696	4882.0
2555	60	Eukaryota	0.0	0.0	0.0	1.0	60.0
2557	2162	Bacteria	0.0	0.0	1.0	0.0	3720.0
2559	557	Unknown	0.5534563625056019	0.13375942706841468	0.17895340793494577	0.13383080249103763	1852.0
2561	841	Unknown	0.30321143650676285	0.15355431664333208	0.3835307219236877	0.1597035249262174	1360.0
2563	1527	Unknown	0.24169271805363526	0.25817712046144065	0.384987497277758	0.11514266420716597	2878.0
2565	61	Eukaryota	0.0	0.0	0.0	1.0	61.0
2567	1050	Unknown	0.297883827009549	0.14911518672472054	0.40402168634809216	0.14897929991763825	1050.0
2571	1016	Unknown	0.30331801396954394	0.15874910436212214	0.383868990205207	0.154063891463127	1016.0
2573	273	Unknown	0.4	0.2	0.2	0.2	273.0
2575	845	Unknown	0.4	0.2	0.2	0.2	7982.0
2577	1536	Bacteria	0.0	0.0	1.0	0.0	14969.0
2579	1170	Unknown	0.38464123544400003	0.16515620765780703	0.2878231046641571	0.1623794522340359	1170.0
2581	2172	Plasmid	0.0	1.0	0.0	0.0	5167.0
2583	1512	Unknown	0.16758973632894764	0.3108971834552704	0.43757533300388346	0.08393774721189856	3112.0
2587	1602	Unknown	0.2777287763536818	0.21380901182358197	0.3707725526213906	0.13768965920134577	1602.0
2591	856	Unknown	0.11023527476766146	0.3385661779874629	0.4977700979830931	0.053428449261782675	4678.0
2593	451	Virus	1.0	0.0	0.0	0.0	5556.0
2595	626	Unknown	0.15053034629780718	0.2507160707212711	0.5286355895272984	0.0701179934536235	3949.0
2597	1340	Bacteria	0.0	0.0	1.0	0.0	4090.0
2599	1002	Unknown	0.49471792466602166	0.1570775826007411	0.20662542275725534	0.1415790699759819	1616.0
2603	695	Unknown	0.24113221532443074	0.12411479840079762	0.5145377834562105	0.12021520281856109	1662.0
2605	1883	Unknown	0.22625405506004906	0.30193139186625084	0.3635568346586115	0.10825771841508855	2730.0
2607	700	Unknown	0.5439022273154247	0.15203234072542235	0.15203314977427843	0.1520322821848747	1499.0
2609	431	Unknown	0.5480265565306139	0.15065492774504904	0.15066496046747246	0.15065355525686447	1467.0
2611	1326	Unknown	0.2645186521434745	0.13798287433972778	0.4660460053984008	0.13145246811839703	1986.0
2613	962	Unknown	0.4322975774541584	0.19049305175793455	0.233167412322415	0.14404195846549203	1848.0
2615	2677	Virus	1.0	0.0	0.0	0.0	5488.0
2617	912	Unknown	0.4	0.2	0.2	0.2	4409.0
2619	825	Unknown	0.5474070979047373	0.1508642952246535	0.15086431224472638	0.15086429462588283	1386.0
2621	1802	Virus	1.0	0.0	0.0	0.0	4785.0
2631	665	Unknown	0.35406515908597186	0.29185871883732545	0.1770435735091035	0.17703254856759915	665.0
2633	723	Virus	1.0	0.0	0.0	0.0	723.0
2635	2047	Virus	1.0	0.0	0.0	0.0	9127.0
2637	24910	Eukaryota	0.0	0.0	0.0	1.0	37138.0
2639	543	Unknown	0.599858435202357	0.13113198227686446	0.13819915627250373	0.1308104262482748	1764.0
2641	609	Unknown	0.24259424591220655	0.12620454938539843	0.5064110114146446	0.1247901932877503	1593.0
2643	28719	Bacteria	0.0	0.0	1.0	0.0	116464.0
2647	784	Unknown	0.1231588781492829	0.21792110949780813	0.6027966625897162	0.056123349763192755	4048.0
2649	3148	Bacteria	0.0	0.0	1.0	0.0	5551.0
2651	1051	Unknown	0.31263475437404525	0.24222918138372793	0.1875089358617968	0.25762712838043006	1925.0
2655	1410	Virus	1.0	0.0	0.0	0.0	4677.0
2657	444	Unknown	0.3540633025774218	0.17703202990091527	0.17703506412834194	0.2918696033933211	962.0
2659	3059	Virus	1.0	0.0	0.0	0.0	14239.0
2661	328	Unknown	0.4000000000000001	0.20000000000000004	0.20000000000000004	0.20000000000000004	328.0
2663	6812	Virus	1.0	0.0	0.0	0.0	26111.0
2665	966	Unknown	0.22901341110167528	0.151647626530132	0.481243887385578	0.13809507498261478	2389.0
2667	414	Unknown	0.3092720948756083	0.15521491292614403	0.38315965468864915	0.15235333750959834	1369.0
2669	555	Unknown	0.5286581653116094	0.15213313908837642	0.152131020742409	0.16707767485760525	1205.0
2671	628	Unknown	0.35766513475254547	0.20016533976695955	0.2633450647386433	0.17882446074185177	628.0
2675	57	Eukaryota	0.0	0.0	0.0	1.0	57.0
2677	9643	Eukaryota	0.0	0.0	0.0	1.0	15423.0
2683	1422	Unknown	0.4	0.2	0.2	0.2	4589.0
2687	2860	Plasmid	0.0	1.0	0.0	0.0	37420.0
2691	1382	Virus	1.0	0.0	0.0	0.0	5173.0
2693	1628	Unknown	0.28870484556472276	0.24759490783389448	0.2984095719448202	0.1652906746565625	1782.0
2695	800	Unknown	0.6774286267594238	0.1075015219397421	0.10757533983472359	0.1074945114661105	2056.0
2697	853	Unknown	0.3542270899922442	0.17735352266936216	0.2913342570209839	0.17708513031740958	853.0
2699	348	Eukaryota	0.0	0.0	0.0	1.0	348.0
2701	996	Unknown	0.3929265960396685	0.2145274732181076	0.19640610783262463	0.19613982290959925	2582.0
2705	342	Unknown	0.4	0.2	0.2	0.2	342.0
2707	877	Unknown	0.31403700142056556	0.19616715521395509	0.35001809083029	0.1397777525351894	1668.0
2709	556	Virus	1.0	0.0	0.0	0.0	12586.0
2711	1515	Unknown	0.7149063750004472	0.09502679072924894	0.09512534225211565	0.09494149201818824	2074.0
2713	887	Unknown	0.31854714607601	0.2658386721840542	0.2564022393469873	0.15921194239294853	1265.0
2715	607	Unknown	0.7244667411318537	0.09590863701975706	0.09045689023822284	0.08916773161016645	2728.0
2717	6114	Bacteria	0.0	0.0	1.0	0.0	23403.0
2721	1290	Unknown	0.6589656559688739	0.11354230816587786	0.11399364894788365	0.11349838691736458	2285.0
2723	2286	Unknown	0.6601542563273336	0.014709077826241274	0.3122946662538974	0.01284199959252771	8492.0
2725	410	Virus	1.0	0.0	0.0	0.0	7820.0
2727	388	Unknown	0.4	0.2	0.2	0.2	388.0
2731	635	Bacteria	0.0	0.0	1.0	0.0	3276.0
2733	335	Eukaryota	0.0	0.0	0.0	1.0	422.0
2735	398	Unknown	0.4	0.2	0.2	0.2	398.0
2737	779	Eukaryota	0.0	0.0	0.0	1.0	868.0
2739	2782	Unknown	0.5384689766899526	0.11958513901609444	0.3331985414678448	0.00874734282610816	10581.0
2741	927	Bacteria	0.0	0.0	1.0	0.0	3390.0
2743	960	Eukaryota	0.0	0.0	0.0	1.0	3636.0
2745	32312	Bacteria	0.0	0.0	1.0	0.0	32323.0
2747	1164	Unknown	0.6536494577175256	0.10435532005786832	0.12851342341699057	0.11348179880761552	2019.0
2749	275	Eukaryota	0.0	0.0	0.0	1.0	275.0
2755	1567	Virus	1.0	0.0	0.0	0.0	5281.0
2759	6254	Virus	1.0	0.0	0.0	0.0	19347.0
2761	2296	Virus	1.0	0.0	0.0	0.0	8719.0
2765	1061	Unknown	0.29874297094097724	0.151311841847894	0.4005699531810817	0.149375234030047	1061.0
2767	1114	Virus	1.0	0.0	0.0	0.0	14258.0
2769	3974	Bacteria	0.0	0.0	1.0	0.0	11614.0
2771	1692	Virus	1.0	0.0	0.0	0.0	40528.0
2773	694	Unknown	0.7025347140089732	0.09750288278012553	0.1026391583084511	0.09732324490245013	2015.0
2775	2542	Virus	1.0	0.0	0.0	0.0	14430.0
2781	3291	Virus	1.0	0.0	0.0	0.0	3875.0
2783	572	Unknown	0.6572177251435166	0.11407265654814384	0.11470963498908152	0.11399998331925786	2497.0
2785	1323	Unknown	0.4847038165725083	0.14673377047060632	0.2265583086192666	0.14200410433761873	1904.0
2789	1266	Virus	1.0	0.0	0.0	0.0	3244.0
2791	930	Unknown	0.31230793166396364	0.1995505614813006	0.33191173518449385	0.15622977167024202	1297.0
2793	291	Unknown	0.4	0.2	0.2	0.2	291.0
2795	1546	Bacteria	0.0	0.0	1.0	0.0	36544.0
2797	1431	Virus	1.0	0.0	0.0	0.0	5844.0
2799	1127	Virus	1.0	0.0	0.0	0.0	5840.0
2801	3049	Eukaryota	0.0	0.0	0.0	1.0	11659.0
2809	1345	Unknown	0.37305311554016746	0.16929399218347208	0.2934754165625598	0.16417747571380076	1345.0
2811	1176	Unknown	0.2764542806429148	0.19708200978804938	0.3915133983720826	0.13495031119695317	1732.0
2813	373	Unknown	0.4	0.2	0.2	0.2	936.0
2815	943	Eukaryota	0.0	0.0	0.0	1.0	943.0
2817	1747	Virus	1.0	0.0	0.0	0.0	25156.0
2821	2601	Virus	1.0	0.0	0.0	0.0	2601.0
2823	1438	Eukaryota	0.0	0.0	0.0	1.0	1438.0
2825	68	Eukaryota	0.0	0.0	0.0	1.0	68.0
2827	801	Unknown	0.35882502552842094	0.18521601654834058	0.27789475348202725	0.1780642044412113	801.0
2829	342	Unknown	0.32480710983947136	0.16820369282284342	0.3411229721437795	0.16586622519390568	1174.0
2831	8244	Plasmid	0.0	1.0	0.0	0.0	17642.0
2833	1123	Unknown	0.6925883247898835	0.1023876445183554	0.10278377230899256	0.10224025838276861	2316.0
2835	655	Unknown	0.5386920425974319	0.15331049868844232	0.15494274173381029	0.15305471698031564	1194.0
2837	2267	Unknown	0.21098886643142392	0.12523000263808842	0.5462313281208848	0.11754980280960282	2267.0
2839	1398	Bacteria	0.0	0.0	1.0	0.0	3921.0
2843	539	Unknown	0.3617503560504966	0.21240965037399995	0.23865015975515516	0.1871898338203483	842.0
2845	6892	Virus	1.0	0.0	0.0	0.0	25857.0
2847	415	Unknown	0.4	0.2	0.2	0.2	415.0
2853	2201	Unknown	0.4510421257207252	0.09151984748633932	0.4085056221576306	0.04893240463530485	5839.0
2859	1957	Unknown	0.23063224796560564	0.08759298491523239	0.5949606875864848	0.08681407953267711	2743.0
2863	721	Unknown	0.5515353981686429	0.1498495660089436	0.1494880074459231	0.1491270283764904	1073.0
2865	763	Unknown	0.4	0.2	0.2	0.2	3989.0
2867	1020	Virus	1.0	0.0	0.0	0.0	12714.0
2869	1206	Unknown	0.4873066181925755	0.1462865774744905	0.22496220894233948	0.14144459539059456	1932.0
2871	809	Virus	1.0	0.0	0.0	0.0	13862.0
2873	822	Unknown	0.35481379797133755	0.1806830325179334	0.28710735406830057	0.17739581544242838	822.0
2875	11036	Eukaryota	0.0	0.0	0.0	1.0	96530.0
2877	3652	Bacteria	0.0	0.0	1.0	0.0	5878.0
2879	646	Unknown	0.23656381701053503	0.13500579668867072	0.5206529527079489	0.10777743359284543	2317.0
2881	1330	Virus	1.0	0.0	0.0	0.0	40528.0
2883	469	Virus	1.0	0.0	0.0	0.0	469.0
2885	683	Unknown	0.3546595044192005	0.2880745463068596	0.1799432842339517	0.17732266503998828	683.0
2887	19844	Bacteria	0.0	0.0	1.0	0.0	143952.0
2889	1489	Unknown	0.7019928237030535	0.09855094920838865	0.10105382293422337	0.09840240415433447	2162.0
2893	764	Unknown	0.5055973685074456	0.1646880634402238	0.16503955976664553	0.1646750082856851	1280.0
2895	1052	Unknown	0.47796540088465517	0.17939416066017883	0.18277125714799722	0.15986918130716887	1281.0
2899	920	Unknown	0.4863996230879747	0.14455170060505632	0.22435333974967536	0.14469533655729372	1850.0
2903	1073	Unknown	0.6438074442114812	0.11825801139808668	0.11969621186902953	0.11823833252140255	2329.0
2905	1334	Unknown	0.13760881112803908	0.07266277824575625	0.7209080576766905	0.06882035294951422	2692.0
2907	1082	Virus	1.0	0.0	0.0	0.0	7694.0
2911	942	Unknown	0.5214315112247969	0.1749013681352666	0.1656709333220271	0.13799618731790939	1800.0
2913	479	Unknown	0.4	0.2	0.2	0.2	479.0
2919	9829	Bacteria	0.0	0.0	1.0	0.0	121981.0
2921	2369	Unknown	0.2393495555520372	0.33293564103667955	0.3088310857596849	0.11888371765159829	2369.0
2923	908	Unknown	0.306443474102929	0.16571211328385707	0.3752154492179281	0.15262896339528587	1016.0
2925	3000	Unknown	0.17621112040969006	0.38394061241869204	0.34900208490022644	0.09084618227139146	3000.0
2927	191	Eukaryota	0.0	0.0	0.0	1.0	191.0
2929	1560	Unknown	0.7277170944743445	0.09080767124833503	0.09088775498986292	0.09058747928745768	2042.0
2931	26829	Bacteria	0.0	0.0	1.0	0.0	81174.0
2933	1394	Virus	1.0	0.0	0.0	0.0	20907.0
2935	466	Virus	1.0	0.0	0.0	0.0	6812.0
2937	807	Unknown	0.24578773592447228	0.2372552872506208	0.39894016418205197	0.11801681264285492	2321.0
2939	2362	Unknown	0.7347933365461089	0.08185929400625883	0.11995256632968579	0.06339480311794661	4883.0
2941	871	Unknown	0.4	0.2	0.2	0.2	2154.0
2943	929	Unknown	0.2622607015434176	0.15565780555759373	0.4535734231136551	0.1285080697853337	1904.0
2947	1590	Virus	1.0	0.0	0.0	0.0	4104.0
2949	399	Unknown	0.6532962918845614	0.11556778062855527	0.11556818554048619	0.11556774194639723	2413.0
2951	1042	Virus	1.0	0.0	0.0	0.0	4395.0
2953	1262	Virus	1.0	0.0	0.0	0.0	3842.0
2955	1839	Virus	1.0	0.0	0.0	0.0	26596.0
2957	572	Bacteria	0.0	0.0	1.0	0.0	3077.0
2959	1072	Virus	1.0	0.0	0.0	0.0	15880.0
2961	1182	Virus	1.0	0.0	0.0	0.0	12960.0
2963	961	Unknown	0.3541688890934652	0.1770736655997439	0.2917127190131221	0.1770447262936688	961.0
2965	1339	Unknown	0.13623838528104615	0.21156127482015055	0.5855737232826224	0.06662661661618091	3554.0
2967	452	Unknown	0.4	0.2	0.2	0.2	452.0
2969	5429	Bacteria	0.0	0.0	1.0	0.0	19910.0
2971	1030	Unknown	0.132322811944253	0.10155555997132397	0.6921388046275929	0.07398282345683008	3090.0
2973	447	Unknown	0.4760783775133503	0.14552661745291087	0.23450000012790914	0.1438950049058296	1702.0
2975	434	Unknown	0.24972799438041915	0.14467115773173778	0.4806622169618671	0.12493863092597582	1537.0
2977	689	Virus	1.0	0.0	0.0	0.0	3201.0
2983	890	Virus	1.0	0.0	0.0	0.0	5939.0
2985	1020	Virus	1.0	0.0	0.0	0.0	3921.0
2989	1495	Unknown	0.7109197395967072	0.08940763997018969	0.11794166956212547	0.0817309508709776	2827.0
2991	967	Unknown	0.35180566216480685	0.1656496334924878	0.24348127221917143	0.23906343212353384	1738.0
2993	1785	Unknown	0.7472624273462454	0.06923706133047139	0.11423609211275214	0.06926441921053114	3800.0
2995	851	Unknown	0.37749034643856044	0.19433150822177717	0.24823462096197632	0.17994352437768618	851.0
2997	1326	Bacteria	0.0	0.0	1.0	0.0	3598.0
2999	1004	Unknown	0.20080872612149914	0.10315945484257327	0.5734374913871433	0.12259432764878425	2137.0
3001	609	Eukaryota	0.0	0.0	0.0	1.0	609.0
3003	1467	Unknown	0.27157573149222036	0.18087329129242774	0.4137795598924752	0.13377141732287676	1697.0
3005	50157	Bacteria	0.0	0.0	1.0	0.0	157060.0
3009	1765	Virus	1.0	0.0	0.0	0.0	39878.0
3011	470	Unknown	0.4	0.2	0.2	0.2	2078.0
3013	1009	Unknown	0.3813389800952249	0.23268640277025654	0.23806938075670336	0.14790523637781536	1627.0
3017	2287	Plasmid	0.0	1.0	0.0	0.0	4133.0
3019	359	Unknown	0.47706257175240485	0.17431238837687485	0.17431261075093288	0.17431242911978737	526.0
3021	674	Unknown	0.3550765146439007	0.18168723505077536	0.2856649984117764	0.17757125189354747	674.0
3023	2910	Virus	1.0	0.0	0.0	0.0	8907.0
3025	1120	Unknown	0.3676726982060266	0.15867533456789173	0.31912661922421226	0.15452534800186943	1774.0
3027	2197	Unknown	0.21077272835096356	0.13672483466762175	0.5493094853070081	0.10319295167440662	2197.0
3029	5911	Virus	1.0	0.0	0.0	0.0	11926.0
3031	387	Virus	1.0	0.0	0.0	0.0	9568.0
3035	1843	Bacteria	0.0	0.0	1.0	0.0	5620.0
3039	1253	Unknown	0.371532029373458	0.2778203471172144	0.20426447919127214	0.14638314431805555	1611.0
3041	636	Unknown	0.4	0.2	0.2	0.2	2536.0
3043	3631	Bacteria	0.0	0.0	1.0	0.0	42685.0
3045	6463	Unknown	0.36206472194117206	1.342934593953316e-08	0.6379352604541556	4.175326458956687e-09	40006.0
3047	8780	Bacteria	0.0	0.0	1.0	0.0	95606.0
3049	408	Unknown	0.4879048863440227	0.1985132609230414	0.16830305745806534	0.1452787952748707	1990.0
3053	343	Unknown	0.4	0.2	0.2	0.2	343.0
3055	1044	Virus	1.0	0.0	0.0	0.0	6580.0
3057	1331	Virus	1.0	0.0	0.0	0.0	3006.0
3061	1141	Unknown	0.23953625049314642	0.3013141612878974	0.3391164690824306	0.12003311913652566	2173.0
3065	623	Unknown	0.5397835864378099	0.15340534670749323	0.15340577046217466	0.1534052963925223	1188.0
3069	4186	Bacteria	0.0	0.0	1.0	0.0	71378.0
3071	1732	Virus	1.0	0.0	0.0	0.0	3613.0
3073	584	Virus	1.0	0.0	0.0	0.0	5215.0
3075	1123	Virus	1.0	0.0	0.0	0.0	14114.0
3077	1228	Unknown	0.4554210066502745	0.18106395284196936	0.201596038597034	0.16191900191072223	1228.0
3079	1231	Virus	1.0	0.0	0.0	0.0	5824.0
3081	378	Virus	1.0	0.0	0.0	0.0	5318.0
3083	2372	Virus	1.0	0.0	0.0	0.0	8072.0
3085	498	Virus	1.0	0.0	0.0	0.0	498.0
3087	906	Unknown	0.3829745524291354	0.24411717564394514	0.1931217517455987	0.17978652018132082	906.0
3089	373	Unknown	0.4	0.2	0.2	0.2	373.0
3091	4887	Virus	1.0	0.0	0.0	0.0	14430.0
3093	17265	Bacteria	0.0	0.0	1.0	0.0	128582.0
3095	1321	Eukaryota	0.0	0.0	0.0	1.0	2266.0
3099	1311	Unknown	0.09833584006570736	0.49968023539509643	0.3413221886440654	0.060661735895130874	4861.0
3103	1070	Virus	1.0	0.0	0.0	0.0	5173.0
3107	4118	Virus	1.0	0.0	0.0	0.0	12534.0
3109	649	Unknown	0.3540701550169174	0.1770665412863656	0.29182622591333923	0.17703707778337782	649.0
3113	1175	Unknown	0.4	0.2	0.2	0.2	4462.0
3115	2090	Virus	1.0	0.0	0.0	0.0	5653.0
3117	1064	Unknown	0.28853316812033725	0.1509565827960949	0.4277692227003525	0.13274102638321536	1862.0
3119	538	Unknown	0.3599435387105942	0.19008502345963357	0.23899931216064346	0.21097212566912865	538.0
3121	1510	Virus	1.0	0.0	0.0	0.0	3271.0
3123	1198	Unknown	0.1351824584038764	0.12474503491903806	0.669479646065967	0.07059286061111864	3495.0
3125	1186	Unknown	0.3226214555456032	0.20722796443353467	0.31077685599798033	0.15937372402288183	1199.0
3129	685	Virus	1.0	0.0	0.0	0.0	4058.0
3131	71	Eukaryota	0.0	0.0	0.0	1.0	71.0
3135	58584	Bacteria	0.0	0.0	1.0	0.0	128582.0
3137	867	Unknown	0.2924880068168264	0.33552390266522997	0.16938383701736232	0.20260425350058145	1502.0
3139	1545	Virus	1.0	0.0	0.0	0.0	4830.0
3141	1556	Virus	1.0	0.0	0.0	0.0	7674.0
3143	635	Unknown	0.4	0.2	0.2	0.2	3828.0
3145	2295	Bacteria	0.0	0.0	1.0	0.0	10702.0
3151	2042	Bacteria	0.0	0.0	1.0	0.0	11727.0
3153	1133	Virus	1.0	0.0	0.0	0.0	5160.0
3155	960	Virus	1.0	0.0	0.0	0.0	7889.0
3157	2159	Unknown	0.19049166298627965	0.09922129938120954	0.6171548581199942	0.09313217951251657	2159.0
3159	787	Unknown	0.39999999999999997	0.19999999999999998	0.19999999999999998	0.19999999999999998	3057.0
3161	975	Unknown	0.31625725777411434	0.22512194435310187	0.29963227293542777	0.15898852493735607	1209.0
3163	1286	Virus	1.0	0.0	0.0	0.0	32609.0
3165	1999	Virus	1.0	0.0	0.0	0.0	7785.0
3167	2171	Unknown	0.12551235213070233	0.0636739543420729	0.7478513982204156	0.06296229530680916	2654.0
3169	1899	Virus	1.0	0.0	0.0	0.0	7683.0
3171	9672	Unknown	0.46690600464866544	6.933905967845601e-09	0.533093988367758	4.967058686981507e-11	52875.0
3179	1444	Unknown	0.3707723115281051	0.20731831753427293	0.24865458815298103	0.17325478278464082	1444.0
3183	444	Unknown	0.4000000000000001	0.20000000000000004	0.20000000000000004	0.20000000000000004	444.0
3185	1309	Virus	1.0	0.0	0.0	0.0	3552.0
3187	1182	Unknown	0.30256303924705263	0.16167511473651075	0.3845000355042182	0.1512618105122185	1182.0
3189	654	Unknown	0.36016228035947095	0.177763552061302	0.1792399844366291	0.2828341831425979	654.0
3191	1139	Unknown	0.2523234464033165	0.12691690214772666	0.4959729934697483	0.1247866579792085	1650.0
3195	2345	Bacteria	0.0	0.0	1.0	0.0	60069.0
3197	1466	Unknown	0.3585998733369611	0.16355652115344912	0.18780657471796885	0.290037030791621	1466.0
3199	657	Unknown	0.36575726618193144	0.21122923425665202	0.1956040217350277	0.2274094778263888	657.0
3201	1129	Virus	1.0	0.0	0.0	0.0	16447.0
3203	21305	Virus	1.0	0.0	0.0	0.0	21195.0
3205	387	Unknown	0.4	0.2	0.2	0.2	387.0
3207	1498	Virus	1.0	0.0	0.0	0.0	39878.0
3209	1895	Virus	1.0	0.0	0.0	0.0	4824.0
3211	565	Unknown	0.3550569135992844	0.18208892059322238	0.2853287101086886	0.17752545569880465	565.0
3213	1140	Unknown	0.20080872612149914	0.10315945484257327	0.5734374913871433	0.12259432764878425	2137.0
3219	663	Virus	1.0	0.0	0.0	0.0	2924.0
3221	565	Eukaryota	0.0	0.0	0.0	1.0	565.0
3223	497	Unknown	0.4	0.2	0.2	0.2	497.0
3225	1356	Bacteria	0.0	0.0	1.0	0.0	5953.0
3227	1035	Unknown	0.7193182099441041	0.0935581913607002	0.09356543670052249	0.09355816199467312	2446.0
3229	920	Unknown	0.36009389752807136	0.24131350224180706	0.2189458016850787	0.17964679854504279	920.0
3231	649	Unknown	0.16928084654254003	0.5110637670248573	0.21445280367388103	0.10520258275872174	3211.0
3233	4355	Virus	1.0	0.0	0.0	0.0	32609.0
3235	1628	Unknown	0.549403196037395	0.12450391027867283	0.20751311864925212	0.11857977503468016	2157.0
3237	2053	Virus	1.0	0.0	0.0	0.0	3082.0
3239	1339	Virus	1.0	0.0	0.0	0.0	13862.0
3241	727	Unknown	0.3690605101343828	0.1862804149731631	0.261235728060319	0.18342334683213513	727.0
3243	1099	Virus	1.0	0.0	0.0	0.0	4551.0
3247	1124	Virus	1.0	0.0	0.0	0.0	8697.0
3249	1656	Unknown	0.6910818224651012	0.12276947902103509	0.10030874021819175	0.08583995829567194	2734.0
3251	1001	Unknown	0.3083742996282207	0.1546010150835964	0.38590170750559005	0.15112297778259287	1001.0
3253	519	Unknown	0.5289711066803553	0.15700962157182888	0.1570096684681033	0.15700960327971258	1212.0
